1:00:00.0 From G: 0.000000

15:53:31.496149 0.000000

15:53:31.496149 From G: 0.000000

15:53:31.497508 0.008539

15:53:31.497508 From G: 0.008538

15:53:31.498864 0.017057

15:53:31.498864 From G: 0.017057

15:53:31.500243 0.025720

15:53:31.500243 From G: 0.025719

15:53:31.501627 0.034412

15:53:31.501627 From G: 0.034411

15:53:31.503010 0.043095

15:53:31.503010 From G: 0.043095

15:53:31.504398 0.051808

15:53:31.504398 From G: 0.051807

15:53:31.505703 0.059995

15:53:31.505703 From G: 0.059995

15:53:31.507002 0.068142

15:53:31.507002 From G: 0.068141

15:53:31.508324 0.076428

15:53:31.508324 From G: 0.076427

15:53:31.509647 0.084715

15:53:31.509647 From G: 0.084715

15:53:31.510971 0.093004

15:53:31.510971 From G: 0.093003

15:53:31.512323 0.101461

15:53:31.512323 From G: 0.101460

15:53:31.513646 0.109730

15:53:31.513646 From G: 0.109729

15:53:31.514994 0.118147

15:53:31.514994 From G: 0.118147

15:53:31.516322 0.126433

15:53:31.516322 From G: 0.126432

15:53:31.517662 0.134784

15:53:31.517662 From G: 0.134783

15:53:31.518986 0.143026

15:53:31.518986 From G: 0.143026

15:53:31.520340 0.151446

15:53:31.520340 From G: 0.151446

15:53:31.521646 0.159557

15:53:31.521646 From G: 0.159557

15:53:31.522992 0.167906

15:53:31.522992 From G: 0.167906

15:53:31.524330 0.176194

15:53:31.524330 From G: 0.176194

15:53:31.525562 0.183814

15:53:31.525562 From G: 0.183814

15:53:31.526790 0.191399

15:53:31.526790 From G: 0.191399

15:53:31.528021 0.198992

15:53:31.528021 From G: 0.198991

15:53:31.529260 0.206622

15:53:31.529260 From G: 0.206621

15:53:31.530501 0.214252

15:53:31.530501 From G: 0.214251

15:53:31.531729 0.221789

15:53:31.531729 From G: 0.221789

15:53:31.532938 0.229198

15:53:31.532938 From G: 0.229198

15:53:31.534151 0.236619

15:53:31.534151 From G: 0.236619

15:53:31.535338 0.243868

15:53:31.535338 From G: 0.243868

15:53:31.536513 0.251031

15:53:31.536513 From G: 0.251030

15:53:31.537702 0.258265

15:53:31.537702 From G: 0.258265

15:53:31.538895 0.265511

15:53:31.538895 From G: 0.265510

15:53:31.540194 0.273384

15:53:31.540194 From G: 0.273383

15:53:31.541430 0.280859

15:53:31.541430 From G: 0.280858

15:53:31.542685 0.288432

15:53:31.542685 From G: 0.288432

15:53:31.543912 0.295821

15:53:31.543912 From G: 0.295820

15:53:31.545126 0.303114

15:53:31.545126 From G: 0.303113

15:53:31.546329 0.310324

15:53:31.546329 From G: 0.310324

15:53:31.547543 0.317584

15:53:31.547543 From G: 0.317584

15:53:31.548743 0.324743

15:53:31.548743 From G: 0.324743

15:53:31.549966 0.332022

15:53:31.549966 From G: 0.332021

15:53:31.551168 0.339157

15:53:31.551168 From G: 0.339156

15:53:31.552381 0.346339

15:53:31.552381 From G: 0.346338

15:53:31.553585 0.353449

15:53:31.553585 From G: 0.353449

15:53:31.554828 0.360771

15:53:31.554828 From G: 0.360770

15:53:31.556071 0.368072

15:53:31.556071 From G: 0.368071

15:53:31.557276 0.375129

15:53:31.557276 From G: 0.375129

15:53:31.558464 0.382068

15:53:31.558464 From G: 0.382068

15:53:31.559658 0.389022

15:53:31.559658 From G: 0.389022

15:53:31.560840 0.395887

15:53:31.560840 From G: 0.395886

15:53:31.562041 0.402841

15:53:31.562041 From G: 0.402840

15:53:31.563212 0.409600

15:53:31.563212 From G: 0.409600

15:53:31.564384 0.416346

15:53:31.564384 From G: 0.416345

15:53:31.565527 0.422904

15:53:31.565527 From G: 0.422904

15:53:31.566674 0.429466

15:53:31.566674 From G: 0.429466

15:53:31.567808 0.435934

15:53:31.567808 From G: 0.435933

15:53:31.568960 0.442483

15:53:31.568960 From G: 0.442483

15:53:31.570261 0.449857

15:53:31.570261 From G: 0.449856

15:53:31.571553 0.457152

15:53:31.571553 From G: 0.457152

15:53:31.572835 0.464365

15:53:31.572835 From G: 0.464365

15:53:31.574105 0.471484

15:53:31.574105 From G: 0.471484

15:53:31.575343 0.478398

15:53:31.575343 From G: 0.478397

15:53:31.576615 0.485474

15:53:31.576615 From G: 0.485474

15:53:31.577864 0.492397

15:53:31.577864 From G: 0.492396

15:53:31.579109 0.499270

15:53:31.579109 From G: 0.499270

15:53:31.580376 0.506238

15:53:31.580376 From G: 0.506238

15:53:31.581609 0.512992

15:53:31.581609 From G: 0.512992

15:53:31.582846 0.519741

15:53:31.582846 From G: 0.519741

15:53:31.584115 0.526637

15:53:31.584115 From G: 0.526637

15:53:31.585368 0.533418

15:53:31.585368 From G: 0.533417

15:53:31.586598 0.540046

15:53:31.586598 From G: 0.540045

15:53:31.587819 0.546598

15:53:31.587819 From G: 0.546597

15:53:31.588977 0.552786

15:53:31.588977 From G: 0.552785

15:53:31.590258 0.559604

15:53:31.590258 From G: 0.559603

15:53:31.591518 0.566280

15:53:31.591518 From G: 0.566280

15:53:31.592778 0.572927

15:53:31.592778 From G: 0.572927

15:53:31.594028 0.579492

15:53:31.594028 From G: 0.579491

15:53:31.595293 0.586105

15:53:31.595293 From G: 0.586104

15:53:31.596562 0.592708

15:53:31.596562 From G: 0.592707

15:53:31.597763 0.598927

15:53:31.597763 From G: 0.598927

15:53:31.599006 0.605336

15:53:31.599006 From G: 0.605336

15:53:31.600282 0.611884

15:53:31.600282 From G: 0.611884

15:53:31.601549 0.618354

15:53:31.601549 From G: 0.618354

15:53:31.602825 0.624838

15:53:31.602825 From G: 0.624838

15:53:31.604086 0.631214

15:53:31.604086 From G: 0.631214

15:53:31.605346 0.637554

15:53:31.605346 From G: 0.637553

15:53:31.606642 0.644041

15:53:31.606642 From G: 0.644040

15:53:31.607923 0.650419

15:53:31.607923 From G: 0.650419

15:53:31.609178 0.656636

15:53:31.609178 From G: 0.656636

15:53:31.610483 0.663068

15:53:31.610483 From G: 0.663067

15:53:31.611874 0.669885

15:53:31.611874 From G: 0.669885

15:53:31.613168 0.676191

15:53:31.613168 From G: 0.676191

15:53:31.614555 0.682913

15:53:31.614555 From G: 0.682913

15:53:31.615916 0.689470

15:53:31.615916 From G: 0.689470

15:53:31.617258 0.695898

15:53:31.617258 From G: 0.695897

15:53:31.618578 0.702182

15:53:31.618578 From G: 0.702182

15:53:31.619935 0.708606

15:53:31.619935 From G: 0.708606

15:53:31.621270 0.714888

15:53:31.621270 From G: 0.714888

15:53:31.622637 0.721282

15:53:31.622637 From G: 0.721282

15:53:31.623980 0.727525

15:53:31.623980 From G: 0.727525

15:53:31.625349 0.733850

15:53:31.625349 From G: 0.733850

15:53:31.626590 0.739548

15:53:31.626590 From G: 0.739547

15:53:31.627790 0.745025

15:53:31.627790 From G: 0.745024

15:53:31.628964 0.750353

15:53:31.628964 From G: 0.750353

15:53:31.630332 0.756528

15:53:31.630332 From G: 0.756528

15:53:31.631686 0.762601

15:53:31.631686 From G: 0.762600

15:53:31.632998 0.768446

15:53:31.632998 From G: 0.768446

15:53:31.634322 0.774309

15:53:31.634322 From G: 0.774308

15:53:31.635673 0.780252

15:53:31.635673 From G: 0.780251

15:53:31.637002 0.786059

15:53:31.637002 From G: 0.786059

15:53:31.638389 0.792081

15:53:31.638389 From G: 0.792081

15:53:31.639744 0.797924

15:53:31.639744 From G: 0.797923

15:53:31.641022 0.803397

15:53:31.641022 From G: 0.803396

15:53:31.642397 0.809247

15:53:31.642397 From G: 0.809247

15:53:31.643733 0.814893

15:53:31.643733 From G: 0.814892

15:53:31.644998 0.820201

15:53:31.644998 From G: 0.820201

15:53:31.646343 0.825809

15:53:31.646343 From G: 0.825809

15:53:31.647677 0.831333

15:53:31.647677 From G: 0.831332

15:53:31.648996 0.836756

15:53:31.648996 From G: 0.836755

15:53:31.650347 0.842272

15:53:31.650347 From G: 0.842271

15:53:31.651726 0.847862

15:53:31.651726 From G: 0.847861

15:53:31.653022 0.853077

15:53:31.653022 From G: 0.853077

15:53:31.654402 0.858593

15:53:31.654402 From G: 0.858592

15:53:31.655747 0.863928

15:53:31.655747 From G: 0.863927

15:53:31.657015 0.868921

15:53:31.657015 From G: 0.868920

15:53:31.658358 0.874173

15:53:31.658358 From G: 0.874172

15:53:31.659709 0.879417

15:53:31.659709 From G: 0.879417

15:53:31.660999 0.884388

15:53:31.660999 From G: 0.884388

15:53:31.662360 0.889595

15:53:31.662360 From G: 0.889595

15:53:31.663727 0.894785

15:53:31.663727 From G: 0.894785

15:53:31.665023 0.899668

15:53:31.665023 From G: 0.899668

15:53:31.666386 0.904766

15:53:31.666386 From G: 0.904765

15:53:31.667746 0.909812

15:53:31.667746 From G: 0.909812

15:53:31.669024 0.914518

15:53:31.669024 From G: 0.914518

15:53:31.670390 0.919512

15:53:31.670390 From G: 0.919511

15:53:31.671729 0.924367

15:53:31.671729 From G: 0.924367

15:53:31.672995 0.928923

15:53:31.672995 From G: 0.928923

15:53:31.674356 0.933785

15:53:31.674356 From G: 0.933784

15:53:31.675728 0.938646

15:53:31.675728 From G: 0.938646

15:53:31.677021 0.943191

15:53:31.677021 From G: 0.943191

15:53:31.678386 0.947953

15:53:31.678386 From G: 0.947952

15:53:31.679746 0.952658

15:53:31.679746 From G: 0.952657

15:53:31.681021 0.957033

15:53:31.681021 From G: 0.957032

15:53:31.682363 0.961602

15:53:31.682363 From G: 0.961602

15:53:31.683700 0.966119

15:53:31.683700 From G: 0.966118

15:53:31.684999 0.970471

15:53:31.684999 From G: 0.970470

15:53:31.686375 0.975044

15:53:31.686375 From G: 0.975044

15:53:31.687749 0.979573

15:53:31.687749 From G: 0.979573

15:53:31.689022 0.983734

15:53:31.689022 From G: 0.983733

15:53:31.690384 0.988150

15:53:31.690384 From G: 0.988149

15:53:31.691769 0.992602

15:53:31.691769 From G: 0.992602

15:53:31.693025 0.996606

15:53:31.693025 From G: 0.996605

15:53:31.694377 1.000881

15:53:31.694377 From G: 1.000881

15:53:31.695728 0.996644

15:53:31.695728 From G: 0.996644

15:53:31.696994 0.992640

15:53:31.696994 From G: 0.992640

15:53:31.698347 0.988327

15:53:31.698347 From G: 0.988327

15:53:31.699739 0.983853

15:53:31.699739 From G: 0.983852

15:53:31.701020 0.979699

15:53:31.701020 From G: 0.979698

15:53:31.702393 0.975211

15:53:31.702393 From G: 0.975211

15:53:31.703768 0.970680

15:53:31.703768 From G: 0.970679

15:53:31.705022 0.966512

15:53:31.705022 From G: 0.966511

15:53:31.706363 0.962021

15:53:31.706363 From G: 0.962020

15:53:31.707705 0.957490

15:53:31.707705 From G: 0.957489

15:53:31.708995 0.953099

15:53:31.708995 From G: 0.953099

15:53:31.710353 0.948442

15:53:31.710353 From G: 0.948442

15:53:31.711711 0.943747

15:53:31.711711 From G: 0.943747

15:53:31.713022 0.939178

15:53:31.713022 From G: 0.939178

15:53:31.714382 0.934402

15:53:31.714382 From G: 0.934401

15:53:31.715745 0.929576

15:53:31.715745 From G: 0.929575

15:53:31.717025 0.925007

15:53:31.717025 From G: 0.925007

15:53:31.718370 0.920172

15:53:31.718370 From G: 0.920171

15:53:31.719706 0.915331

15:53:31.719706 From G: 0.915330

15:53:31.720992 0.910635

15:53:31.720992 From G: 0.910634

15:53:31.722352 0.905632

15:53:31.722352 From G: 0.905632

15:53:31.723718 0.900569

15:53:31.723718 From G: 0.900569

15:53:31.725023 0.895695

15:53:31.725023 From G: 0.895694

15:53:31.726322 0.890806

15:53:31.726322 From G: 0.890806

15:53:31.727683 0.885648

15:53:31.727683 From G: 0.885647

15:53:31.729022 0.880534

15:53:31.729022 From G: 0.880533

15:53:31.730345 0.875443

15:53:31.730345 From G: 0.875443

15:53:31.731685 0.870250

15:53:31.731685 From G: 0.870250

15:53:31.733000 0.865116

15:53:31.733000 From G: 0.865116

15:53:31.734381 0.859686

15:53:31.734381 From G: 0.859686

15:53:31.735738 0.854311

15:53:31.735738 From G: 0.854310

15:53:31.737060 0.849035

15:53:31.737060 From G: 0.849034

15:53:31.738433 0.843517

15:53:31.738433 From G: 0.843516

15:53:31.739800 0.837983

15:53:31.739800 From G: 0.837982

15:53:31.741095 0.832702

15:53:31.741095 From G: 0.832702

15:53:31.742441 0.827177

15:53:31.742441 From G: 0.827177

15:53:31.743795 0.821580

15:53:31.743795 From G: 0.821580

15:53:31.745103 0.816135

15:53:31.745103 From G: 0.816135

15:53:31.746465 0.810427

15:53:31.746465 From G: 0.810427

15:53:31.747835 0.804646

15:53:31.747835 From G: 0.804646

15:53:31.749127 0.799156

15:53:31.749127 From G: 0.799156

15:53:31.750499 0.793288

15:53:31.750499 From G: 0.793288

15:53:31.751851 0.787466

15:53:31.751851 From G: 0.787466

15:53:31.753141 0.781874

15:53:31.753141 From G: 0.781873

15:53:31.754497 0.775957

15:53:31.754497 From G: 0.775957

15:53:31.755856 0.769989

15:53:31.755856 From G: 0.769988

15:53:31.757148 0.764277

15:53:31.757148 From G: 0.764276

15:53:31.758529 0.758133

15:53:31.758529 From G: 0.758133

15:53:31.759893 0.752026

15:53:31.759893 From G: 0.752025

15:53:31.761198 0.746144

15:53:31.761198 From G: 0.746144

15:53:31.762541 0.740055

15:53:31.762541 From G: 0.740054

15:53:31.763903 0.733840

15:53:31.763903 From G: 0.733839

15:53:31.765194 0.727912

15:53:31.765194 From G: 0.727911

15:53:31.766586 0.721482

15:53:31.766586 From G: 0.721482

15:53:31.767952 0.715133

15:53:31.767952 From G: 0.715133

15:53:31.769295 0.708853

15:53:31.769295 From G: 0.708852

15:53:31.770662 0.702421

15:53:31.770662 From G: 0.702420

15:53:31.772002 0.696078

15:53:31.772002 From G: 0.696077

15:53:31.773330 0.689755

15:53:31.773330 From G: 0.689754

15:53:31.774687 0.683256

15:53:31.774687 From G: 0.683256

15:53:31.776048 0.676701

15:53:31.776048 From G: 0.676700

15:53:31.777414 0.670083

15:53:31.777414 From G: 0.670082

15:53:31.778776 0.663446

15:53:31.778776 From G: 0.663445

15:53:31.780110 0.656908

15:53:31.780110 From G: 0.656908

15:53:31.781452 0.650295

15:53:31.781452 From G: 0.650295

15:53:31.782813 0.643552

15:53:31.782813 From G: 0.643551

15:53:31.784173 0.636776

15:53:31.784173 From G: 0.636775

15:53:31.785547 0.629892

15:53:31.785547 From G: 0.629892

15:53:31.786912 0.623017

15:53:31.786912 From G: 0.623017

15:53:31.788296 0.616009

15:53:31.788296 From G: 0.616008

15:53:31.789628 0.609227

15:53:31.789628 From G: 0.609226

15:53:31.790964 0.602390

15:53:31.790964 From G: 0.602389

15:53:31.792255 0.595749

15:53:31.792255 From G: 0.595749

15:53:31.793626 0.588664

15:53:31.793626 From G: 0.588663

15:53:31.794985 0.581604

15:53:31.794985 From G: 0.581603

15:53:31.796349 0.574482

15:53:31.796349 From G: 0.574482

15:53:31.797695 0.567421

15:53:31.797695 From G: 0.567420

15:53:31.799054 0.560256

15:53:31.799054 From G: 0.560256

15:53:31.800389 0.553185

15:53:31.800389 From G: 0.553184

15:53:31.801657 0.546436

15:53:31.801657 From G: 0.546436

15:53:31.803008 0.539215

15:53:31.803008 From G: 0.539214

15:53:31.804390 0.531793

15:53:31.804390 From G: 0.531793

15:53:31.805667 0.524904

15:53:31.805667 From G: 0.524904

15:53:31.807034 0.517498

15:53:31.807034 From G: 0.517498

15:53:31.808394 0.510097

15:53:31.808394 From G: 0.510097

15:53:31.809698 0.502970

15:53:31.809698 From G: 0.502969

15:53:31.811047 0.495565

15:53:31.811047 From G: 0.495565

15:53:31.812385 0.488191

15:53:31.812385 From G: 0.488190

15:53:31.813659 0.481139

15:53:31.813659 From G: 0.481139

15:53:31.815014 0.473611

15:53:31.815014 From G: 0.473610

15:53:31.816373 0.466029

15:53:31.816373 From G: 0.466029

15:53:31.817669 0.458770

15:53:31.817669 From G: 0.458770

15:53:31.819024 0.451152

15:53:31.819024 From G: 0.451152

15:53:31.820421 0.443268

15:53:31.820421 From G: 0.443267

15:53:31.821697 0.436038

15:53:31.821697 From G: 0.436037

15:53:31.823061 0.428282

15:53:31.823061 From G: 0.428281

15:53:31.824407 0.420600

15:53:31.824407 From G: 0.420599

15:53:31.825701 0.413188

15:53:31.825701 From G: 0.413187

15:53:31.827063 0.405360

15:53:31.827063 From G: 0.405360

15:53:31.828437 0.397436

15:53:31.828437 From G: 0.397436

15:53:31.829734 0.389931

15:53:31.829734 From G: 0.389930

15:53:31.831128 0.381837

15:53:31.831128 From G: 0.381837

15:53:31.832486 0.373927

15:53:31.832486 From G: 0.373926

15:53:31.833799 0.366253

15:53:31.833799 From G: 0.366253

15:53:31.835143 0.358375

15:53:31.835143 From G: 0.358375

15:53:31.836478 0.350526

15:53:31.836478 From G: 0.350525

15:53:31.837764 0.342941

15:53:31.837764 From G: 0.342941

15:53:31.839117 0.334940

15:53:31.839117 From G: 0.334940

15:53:31.840467 0.326934

15:53:31.840467 From G: 0.326933

15:53:31.841783 0.319106

15:53:31.841783 From G: 0.319106

15:53:31.843127 0.311092

15:53:31.843127 From G: 0.311091

15:53:31.844507 0.302840

15:53:31.844507 From G: 0.302840

15:53:31.845804 0.295065

15:53:31.845804 From G: 0.295064

15:53:31.847187 0.286753

15:53:31.847187 From G: 0.286752

15:53:31.848514 0.278757

15:53:31.848514 From G: 0.278757

15:53:31.849814 0.270906

15:53:31.849814 From G: 0.270906

15:53:31.851165 0.262729

15:53:31.851165 From G: 0.262729

15:53:31.852545 0.254358

15:53:31.852545 From G: 0.254357

15:53:31.853845 0.246453

15:53:31.853845 From G: 0.246453

15:53:31.855231 0.238009

15:53:31.855231 From G: 0.238009

15:53:31.856607 0.229608

15:53:31.856607 From G: 0.229608

15:53:31.857930 0.221515

15:53:31.857930 From G: 0.221514

15:53:31.859268 0.213314

15:53:31.859268 From G: 0.213313

15:53:31.860642 0.204877

15:53:31.860642 From G: 0.204876

15:53:31.862003 0.196504

15:53:31.862003 From G: 0.196504

15:53:31.863366 0.188106

15:53:31.863366 From G: 0.188105

15:53:31.864725 0.179717

15:53:31.864725 From G: 0.179717

15:53:31.866073 0.171384

15:53:31.866073 From G: 0.171384

15:53:31.867411 0.163101

15:53:31.867411 From G: 0.163100

15:53:31.868780 0.154613

15:53:31.868780 From G: 0.154612

15:53:31.870142 0.146157

15:53:31.870142 From G: 0.146156

15:53:31.871504 0.137690

15:53:31.871504 From G: 0.137689

15:53:31.872884 0.129101

15:53:31.872884 From G: 0.129100

15:53:31.874253 0.120570

15:53:31.874253 From G: 0.120570

15:53:31.875603 0.112150

15:53:31.875603 From G: 0.112149

15:53:31.876954 0.103714

15:53:31.876954 From G: 0.103714

15:53:31.878312 0.095228

15:53:31.878312 From G: 0.095227

15:53:31.879706 0.086508

15:53:31.879706 From G: 0.086508

15:53:31.881026 0.078245

15:53:31.881026 From G: 0.078245

15:53:31.882409 0.069582

15:53:31.882409 From G: 0.069582

15:53:31.883758 0.061127

15:53:31.883758 From G: 0.061126

15:53:31.885020 0.053212

15:53:31.885020 From G: 0.053211

15:53:31.886362 0.044791

15:53:31.886362 From G: 0.044791

15:53:31.887727 0.036223

15:53:31.887727 From G: 0.036223

15:53:31.888993 0.028274

15:53:31.888993 From G: 0.028273

15:53:31.890365 0.019656

15:53:31.890365 From G: 0.019656

15:53:31.891729 0.011088

15:53:31.891729 From G: 0.011087

15:53:31.893028 0.002926

15:53:31.893028 From G: 0.002925

15:53:31.894389 -0.005626

15:53:31.894389 From G: -0.005626

15:53:31.895753 -0.014196

15:53:31.895753 From G: -0.014195

15:53:31.897064 -0.022431

15:53:31.897064 From G: -0.022431

15:53:31.898407 -0.030867

15:53:31.898407 From G: -0.030866

15:53:31.899753 -0.039319

15:53:31.899753 From G: -0.039318

15:53:31.901055 -0.047492

15:53:31.901055 From G: -0.047492

15:53:31.902408 -0.055983

15:53:31.902408 From G: -0.055983

15:53:31.903797 -0.064696

15:53:31.903797 From G: -0.064696

15:53:31.905094 -0.072828

15:53:31.905094 From G: -0.072827

15:53:31.906467 -0.081431

15:53:31.906467 From G: -0.081430

15:53:31.907828 -0.089953

15:53:31.907828 From G: -0.089952

15:53:31.909108 -0.097962

15:53:31.909108 From G: -0.097961

15:53:31.910433 -0.106246

15:53:31.910433 From G: -0.106246

15:53:31.911798 -0.114774

15:53:31.911798 From G: -0.114773

15:53:31.913092 -0.122850

15:53:31.913092 From G: -0.122849

15:53:31.914457 -0.131361

15:53:31.914457 From G: -0.131360

15:53:31.915815 -0.139819

15:53:31.915815 From G: -0.139818

15:53:31.917114 -0.147900

15:53:31.917114 From G: -0.147899

15:53:31.918495 -0.156481

15:53:31.918495 From G: -0.156480

15:53:31.919832 -0.164778

15:53:31.919832 From G: -0.164777

15:53:31.921117 -0.172741

15:53:31.921117 From G: -0.172741

15:53:31.922470 -0.181115

15:53:31.922470 From G: -0.181115

15:53:31.923831 -0.189526

15:53:31.923831 From G: -0.189525

15:53:31.925125 -0.197509

15:53:31.925125 From G: -0.197509

15:53:31.926487 -0.205900

15:53:31.926487 From G: -0.205899

15:53:31.927861 -0.214349

15:53:31.927861 From G: -0.214348

15:53:31.929152 -0.222273

15:53:31.929152 From G: -0.222273

15:53:31.930494 -0.230497

15:53:31.930494 From G: -0.230496

15:53:31.931838 -0.238716

15:53:31.931838 From G: -0.238716

15:53:31.933133 -0.246621

15:53:31.933133 From G: -0.246620

15:53:31.934490 -0.254887

15:53:31.934490 From G: -0.254886

15:53:31.935855 -0.263184

15:53:31.935855 From G: -0.263183

15:53:31.937143 -0.270995

15:53:31.937143 From G: -0.270995

15:53:31.938511 -0.279275

15:53:31.938511 From G: -0.279274

15:53:31.939887 -0.287582

15:53:31.939887 From G: -0.287582

15:53:31.941191 -0.295436

15:53:31.941191 From G: -0.295436

15:53:31.942538 -0.303530

15:53:31.942538 From G: -0.303529

15:53:31.943898 -0.311680

15:53:31.943898 From G: -0.311680

15:53:31.945192 -0.319415

15:53:31.945192 From G: -0.319415

15:53:31.946568 -0.327619

15:53:31.946568 From G: -0.327619

15:53:31.947933 -0.335735

15:53:31.947933 From G: -0.335735

15:53:31.949302 -0.343852

15:53:31.949302 From G: -0.343851

15:53:31.950663 -0.351897

15:53:31.950663 From G: -0.351896

15:53:31.952014 -0.359859

15:53:31.952014 From G: -0.359858

15:53:31.953325 -0.367562

15:53:31.953325 From G: -0.367561

15:53:31.954694 -0.375581

15:53:31.954694 From G: -0.375581

15:53:31.956037 -0.383424

15:53:31.956037 From G: -0.383423

15:53:31.957377 -0.391223

15:53:31.957377 From G: -0.391223

15:53:31.958735 -0.399102

15:53:31.958735 From G: -0.399102

15:53:31.960101 -0.407001

15:53:31.960101 From G: -0.407001

15:53:31.961455 -0.414804

15:53:31.961455 From G: -0.414803

15:53:31.962801 -0.422532

15:53:31.962801 From G: -0.422532

15:53:31.964145 -0.430223

15:53:31.964145 From G: -0.430222

15:53:31.965522 -0.438073

15:53:31.965522 From G: -0.438073

15:53:31.966882 -0.445798

15:53:31.966882 From G: -0.445797

15:53:31.968247 -0.453521

15:53:31.968247 From G: -0.453521

15:53:31.969610 -0.461204

15:53:31.969610 From G: -0.461204

15:53:31.970956 -0.468761

15:53:31.970956 From G: -0.468761

15:53:31.972294 -0.476244

15:53:31.972294 From G: -0.476244

15:53:31.973661 -0.483859

15:53:31.973661 From G: -0.483858

15:53:31.975027 -0.491436

15:53:31.975027 From G: -0.491435

15:53:31.976394 -0.498987

15:53:31.976394 From G: -0.498986

15:53:31.977695 -0.506143

15:53:31.977695 From G: -0.506142

15:53:31.979062 -0.513631

15:53:31.979062 From G: -0.513630

15:53:31.980402 -0.520939

15:53:31.980402 From G: -0.520938

15:53:31.981702 -0.527998

15:53:31.981702 From G: -0.527997

15:53:31.983037 -0.535216

15:53:31.983037 From G: -0.535215

15:53:31.984413 -0.542622

15:53:31.984413 From G: -0.542622

15:53:31.985712 -0.549582

15:53:31.985712 From G: -0.549582

15:53:31.987087 -0.556916

15:53:31.987087 From G: -0.556916

15:53:31.988462 -0.564215

15:53:31.988462 From G: -0.564215

15:53:31.989757 -0.571056

15:53:31.989757 From G: -0.571056

15:53:31.991096 -0.578097

15:53:31.991096 From G: -0.578097

15:53:31.992460 -0.585235

15:53:31.992460 From G: -0.585234

15:53:31.993743 -0.591915

15:53:31.993743 From G: -0.591914

15:53:31.995093 -0.598910

15:53:31.995093 From G: -0.598910

15:53:31.996463 -0.605974

15:53:31.996463 From G: -0.605973

15:53:31.997776 -0.612708

15:53:31.997776 From G: -0.612708

15:53:31.999138 -0.619659

15:53:31.999138 From G: -0.619659

15:53:32.497 -0.626558

15:53:32.497 From G: -0.626558

15:53:32.1735 -0.632810

15:53:32.1735 From G: -0.632809

15:53:32.3001 -0.639171

15:53:32.3001 From G: -0.639170

15:53:32.4287 -0.645599

15:53:32.4287 From G: -0.645599

15:53:32.5580 -0.652030

15:53:32.5580 From G: -0.652029

15:53:32.6869 -0.658406

15:53:32.6869 From G: -0.658406

15:53:32.8150 -0.664710

15:53:32.8150 From G: -0.664710

15:53:32.9438 -0.671015

15:53:32.9438 From G: -0.671014

15:53:32.10719 -0.677251

15:53:32.10719 From G: -0.677250

15:53:32.11990 -0.683404

15:53:32.11990 From G: -0.683404

15:53:32.13258 -0.689510

15:53:32.13258 From G: -0.689510

15:53:32.14544 -0.695669

15:53:32.14544 From G: -0.695669

15:53:32.15829 -0.701789

15:53:32.15829 From G: -0.701789

15:53:32.17078 -0.707704

15:53:32.17078 From G: -0.707704

15:53:32.18324 -0.713572

15:53:32.18324 From G: -0.713572

15:53:32.19589 -0.719497

15:53:32.19589 From G: -0.719496

15:53:32.20885 -0.725531

15:53:32.20885 From G: -0.725531

15:53:32.22157 -0.731420

15:53:32.22157 From G: -0.731419

15:53:32.23440 -0.737324

15:53:32.23440 From G: -0.737323

15:53:32.24721 -0.743184

15:53:32.24721 From G: -0.743183

15:53:32.26006 -0.749027

15:53:32.26006 From G: -0.749027

15:53:32.27286 -0.754813

15:53:32.27286 From G: -0.754813

15:53:32.28569 -0.760578

15:53:32.28569 From G: -0.760577

15:53:32.29799 -0.766070

15:53:32.29799 From G: -0.766069

15:53:32.31043 -0.771592

15:53:32.31043 From G: -0.771591

15:53:32.32334 -0.777288

15:53:32.32334 From G: -0.777287

15:53:32.33555 -0.782641

15:53:32.33555 From G: -0.782641

15:53:32.34801 -0.788072

15:53:32.34801 From G: -0.788072

15:53:32.36038 -0.793431

15:53:32.36038 From G: -0.793430

15:53:32.37245 -0.798626

15:53:32.37245 From G: -0.798626

15:53:32.38465 -0.803847

15:53:32.38465 From G: -0.803846

15:53:32.39669 -0.808967

15:53:32.39669 From G: -0.808966

15:53:32.40889 -0.814123

15:53:32.40889 From G: -0.814123

15:53:32.42093 -0.819181

15:53:32.42093 From G: -0.819180

15:53:32.43306 -0.824244

15:53:32.43306 From G: -0.824244

15:53:32.44509 -0.829235

15:53:32.44509 From G: -0.829234

15:53:32.45718 -0.834219

15:53:32.45718 From G: -0.834218

15:53:32.46950 -0.839265

15:53:32.46950 From G: -0.839265

15:53:32.53060 -0.864134

15:53:32.53060 From G: -0.864134

15:53:32.54333 -0.869146

15:53:32.54333 From G: -0.869146

15:53:32.55587 -0.874049

15:53:32.55587 From G: -0.874048

15:53:32.56775 -0.878661

15:53:32.56775 From G: -0.878661

15:53:32.58052 -0.883587

15:53:32.58052 From G: -0.883587

15:53:32.59281 -0.888295

15:53:32.59281 From G: -0.888294

15:53:32.60571 -0.893201

15:53:32.60571 From G: -0.893201

15:53:32.61884 -0.898160

15:53:32.61884 From G: -0.898159

15:53:32.63169 -0.902976

15:53:32.63169 From G: -0.902976

15:53:32.64476 -0.907840

15:53:32.64476 From G: -0.907840

15:53:32.65768 -0.912612

15:53:32.65768 From G: -0.912612

15:53:32.67107 -0.917522

15:53:32.67107 From G: -0.917521

15:53:32.68483 -0.922527

15:53:32.68483 From G: -0.922527

15:53:32.69782 -0.927216

15:53:32.69782 From G: -0.927215

15:53:32.71170 -0.932187

15:53:32.71170 From G: -0.932187

15:53:32.72536 -0.937041

15:53:32.72536 From G: -0.937040

15:53:32.73847 -0.941661

15:53:32.73847 From G: -0.941660

15:53:32.75206 -0.946413

15:53:32.75206 From G: -0.946412

15:53:32.76547 -0.951064

15:53:32.76547 From G: -0.951064

15:53:32.77832 -0.955486

15:53:32.77832 From G: -0.955486

15:53:32.79221 -0.960229

15:53:32.79221 From G: -0.960229

15:53:32.80587 -0.964855

15:53:32.80587 From G: -0.964854

15:53:32.81934 -0.969378

15:53:32.81934 From G: -0.969377

15:53:32.83289 -0.973890

15:53:32.83289 From G: -0.973890

15:53:32.84652 -0.978393

15:53:32.84652 From G: -0.978392

15:53:32.86001 -0.982811

15:53:32.86001 From G: -0.982811

15:53:32.87363 -0.987236

15:53:32.87363 From G: -0.987235

15:53:32.88726 -0.991625

15:53:32.88726 From G: -0.991625

15:53:32.90096 -0.996001

15:53:32.90096 From G: -0.996000

15:53:32.91455 -1.000303

15:53:32.91455 From G: -1.000303

15:53:32.92805 -0.996065

15:53:32.92805 From G: -0.996064

15:53:32.94146 -0.991818

15:53:32.94146 From G: -0.991818

15:53:32.95501 -0.987492

15:53:32.95501 From G: -0.987491

15:53:32.96857 -0.983125

15:53:32.96857 From G: -0.983125

15:53:32.98262 -0.978563

15:53:32.98262 From G: -0.978563

15:53:32.99627 -0.974093

15:53:32.99627 From G: -0.974092

15:53:32.100989 -0.969594

15:53:32.100989 From G: -0.969594

15:53:32.102313 -0.965186

15:53:32.102313 From G: -0.965185

15:53:32.103664 -0.960650

15:53:32.103664 From G: -0.960650

15:53:32.105002 -0.956122

15:53:32.105002 From G: -0.956122

15:53:32.106369 -0.951459

15:53:32.106369 From G: -0.951458

15:53:32.107734 -0.946764

15:53:32.107734 From G: -0.946763

15:53:32.109021 -0.942301

15:53:32.109021 From G: -0.942300

15:53:32.110397 -0.937493

15:53:32.110397 From G: -0.937492

15:53:32.111733 -0.932787

15:53:32.111733 From G: -0.932786

15:53:32.113005 -0.928271

15:53:32.113005 From G: -0.928270

15:53:32.114356 -0.923439

15:53:32.114356 From G: -0.923438

15:53:32.115690 -0.918630

15:53:32.115690 From G: -0.918630

15:53:32.116977 -0.913956

15:53:32.116977 From G: -0.913955

15:53:32.118331 -0.909001

15:53:32.118331 From G: -0.909000

15:53:32.119693 -0.903978

15:53:32.119693 From G: -0.903978

15:53:32.121021 -0.899043

15:53:32.121021 From G: -0.899043

15:53:32.122384 -0.893940

15:53:32.122384 From G: -0.893940

15:53:32.123759 -0.888753

15:53:32.123759 From G: -0.888752

15:53:32.125028 -0.883928

15:53:32.125028 From G: -0.883927

15:53:32.126370 -0.878789

15:53:32.126370 From G: -0.878789

15:53:32.127620 -0.873968

15:53:32.127620 From G: -0.873967

15:53:32.128803 -0.869373

15:53:32.128803 From G: -0.869372

15:53:32.130155 -0.864088

15:53:32.130155 From G: -0.864087

15:53:32.131482 -0.858862

15:53:32.131482 From G: -0.858862

15:53:32.132847 -0.853449

15:53:32.132847 From G: -0.853448

15:53:32.134212 -0.847995

15:53:32.134212 From G: -0.847995

15:53:32.135582 -0.842482

15:53:32.135582 From G: -0.842482

15:53:32.136955 -0.836917

15:53:32.136955 From G: -0.836916

15:53:32.138299 -0.831429

15:53:32.138299 From G: -0.831429

15:53:32.139622 -0.825990

15:53:32.139622 From G: -0.825989

15:53:32.140983 -0.820355

15:53:32.140983 From G: -0.820354

15:53:32.142330 -0.814739

15:53:32.142330 From G: -0.814738

15:53:32.143723 -0.808891

15:53:32.143723 From G: -0.808890

15:53:32.145031 -0.803360

15:53:32.145031 From G: -0.803360

15:53:32.146395 -0.797555

15:53:32.146395 From G: -0.797555

15:53:32.147758 -0.791715

15:53:32.147758 From G: -0.791714

15:53:32.149028 -0.786235

15:53:32.149028 From G: -0.786235

15:53:32.150368 -0.780418

15:53:32.150368 From G: -0.780418

15:53:32.151712 -0.774545

15:53:32.151712 From G: -0.774545

15:53:32.153005 -0.768858

15:53:32.153005 From G: -0.768857

15:53:32.154377 -0.762785

15:53:32.154377 From G: -0.762784

15:53:32.155736 -0.756729

15:53:32.155736 From G: -0.756729

15:53:32.157023 -0.750958

15:53:32.157023 From G: -0.750958

15:53:32.158387 -0.744805

15:53:32.158387 From G: -0.744804

15:53:32.159792 -0.738425

15:53:32.159792 From G: -0.738424

15:53:32.161088 -0.732501

15:53:32.161088 From G: -0.732501

15:53:32.162436 -0.726304

15:53:32.162436 From G: -0.726303

15:53:32.163787 -0.720053

15:53:32.163787 From G: -0.720053

15:53:32.165096 -0.713961

15:53:32.165096 From G: -0.713960

15:53:32.166450 -0.707621

15:53:32.166450 From G: -0.707621

15:53:32.167822 -0.701159

15:53:32.167822 From G: -0.701158

15:53:32.169112 -0.695045

15:53:32.169112 From G: -0.695045

15:53:32.170486 -0.688497

15:53:32.170486 From G: -0.688497

15:53:32.171840 -0.682006

15:53:32.171840 From G: -0.682006

15:53:32.173122 -0.675824

15:53:32.173122 From G: -0.675824

15:53:32.174475 -0.669264

15:53:32.174475 From G: -0.669264

15:53:32.175850 -0.662560

15:53:32.175850 From G: -0.662559

15:53:32.177138 -0.656243

15:53:32.177138 From G: -0.656242

15:53:32.178502 -0.649517

15:53:32.178502 From G: -0.649517

15:53:32.179877 -0.642700

15:53:32.179877 From G: -0.642700

15:53:32.181195 -0.636129

15:53:32.181195 From G: -0.636129

15:53:32.182538 -0.629398

15:53:32.182538 From G: -0.629398

15:53:32.183877 -0.622651

15:53:32.183877 From G: -0.622651

15:53:32.185164 -0.616132

15:53:32.185164 From G: -0.616132

15:53:32.186555 -0.609051

15:53:32.186555 From G: -0.609051

15:53:32.187919 -0.602070

15:53:32.187919 From G: -0.602070

15:53:32.189271 -0.595115

15:53:32.189271 From G: -0.595114

15:53:32.190633 -0.588072

15:53:32.190633 From G: -0.588071

15:53:32.191940 -0.581279

15:53:32.191940 From G: -0.581279

15:53:32.193272 -0.574324

15:53:32.193272 From G: -0.574323

15:53:32.194617 -0.567266

15:53:32.194617 From G: -0.567266

15:53:32.195976 -0.560101

15:53:32.195976 From G: -0.560101

15:53:32.197343 -0.552859

15:53:32.197343 From G: -0.552859

15:53:32.198705 -0.545609

15:53:32.198705 From G: -0.545609

15:53:32.200065 -0.538336

15:53:32.200065 From G: -0.538336

15:53:32.201431 -0.530997

15:53:32.201431 From G: -0.530997

15:53:32.202770 -0.523770

15:53:32.202770 From G: -0.523770

15:53:32.204108 -0.516516

15:53:32.204108 From G: -0.516516

15:53:32.205468 -0.509111

15:53:32.205468 From G: -0.509110

15:53:32.206829 -0.501667

15:53:32.206829 From G: -0.501667

15:53:32.208220 -0.494027

15:53:32.208220 From G: -0.494027

15:53:32.209609 -0.486365

15:53:32.209609 From G: -0.486364

15:53:32.210943 -0.478974

15:53:32.210943 From G: -0.478973

15:53:32.212284 -0.471514

15:53:32.212284 From G: -0.471513

15:53:32.213656 -0.463851

15:53:32.213656 From G: -0.463850

15:53:32.215008 -0.456269

15:53:32.215008 From G: -0.456269

15:53:32.216407 -0.448394

15:53:32.216407 From G: -0.448394

15:53:32.217695 -0.441115

15:53:32.217695 From G: -0.441115

15:53:32.219063 -0.433356

15:53:32.219063 From G: -0.433356

15:53:32.220437 -0.425534

15:53:32.220437 From G: -0.425533

15:53:32.221732 -0.418133

15:53:32.221732 From G: -0.418133

15:53:32.223062 -0.410507

15:53:32.223062 From G: -0.410507

15:53:32.224446 -0.402544

15:53:32.224446 From G: -0.402544

15:53:32.225746 -0.395038

15:53:32.225746 From G: -0.395037

15:53:32.227114 -0.387112

15:53:32.227114 From G: -0.387112

15:53:32.228472 -0.379219

15:53:32.228472 From G: -0.379219

15:53:32.229783 -0.371574

15:53:32.229783 From G: -0.371574

15:53:32.231139 -0.363642

15:53:32.231139 From G: -0.363642

15:53:32.232495 -0.355686

15:53:32.232495 From G: -0.355685

15:53:32.233785 -0.348093

15:53:32.233785 From G: -0.348092

15:53:32.235152 -0.340023

15:53:32.235152 From G: -0.340023

15:53:32.236528 -0.331877

15:53:32.236528 From G: -0.331877

15:53:32.237836 -0.324111

15:53:32.237836 From G: -0.324111

15:53:32.239200 -0.315991

15:53:32.239200 From G: -0.315991

15:53:32.240596 -0.307658

15:53:32.240596 From G: -0.307657

15:53:32.241916 -0.299756

15:53:32.241916 From G: -0.299755

15:53:32.243253 -0.291732

15:53:32.243253 From G: -0.291732

15:53:32.244579 -0.283755

15:53:32.244579 From G: -0.283755

15:53:32.245927 -0.275626

15:53:32.245927 From G: -0.275626

15:53:32.247287 -0.267406

15:53:32.247287 From G: -0.267405

15:53:32.248647 -0.259166

15:53:32.248647 From G: -0.259165

15:53:32.250020 -0.250828

15:53:32.250020 From G: -0.250828

15:53:32.251381 -0.242546

15:53:32.251381 From G: -0.242545

15:53:32.252714 -0.234416

15:53:32.252714 From G: -0.234416

15:53:32.254087 -0.226026

15:53:32.254087 From G: -0.226026

15:53:32.255450 -0.217681

15:53:32.255450 From G: -0.217681

15:53:32.256821 -0.209271

15:53:32.256821 From G: -0.209271

15:53:32.258191 -0.200852

15:53:32.258191 From G: -0.200851

15:53:32.259539 -0.192552

15:53:32.259539 From G: -0.192552

15:53:32.260898 -0.184172

15:53:32.260898 From G: -0.184171

15:53:32.262266 -0.175722

15:53:32.262266 From G: -0.175721

15:53:32.263632 -0.167271

15:53:32.263632 From G: -0.167270

15:53:32.265022 -0.158659

15:53:32.265022 From G: -0.158658

15:53:32.266370 -0.150295

15:53:32.266370 From G: -0.150295

15:53:32.267745 -0.141753

15:53:32.267745 From G: -0.141753

15:53:32.269021 -0.133816

15:53:32.269021 From G: -0.133816

15:53:32.270359 -0.125485

15:53:32.270359 From G: -0.125484

15:53:32.271692 -0.117175

15:53:32.271692 From G: -0.117174

15:53:32.272997 -0.109031

15:53:32.272997 From G: -0.109030

15:53:32.274357 -0.100536

15:53:32.274357 From G: -0.100535

15:53:32.275721 -0.092008

15:53:32.275721 From G: -0.092008

15:53:32.277022 -0.083868

15:53:32.277022 From G: -0.083868

15:53:32.278388 -0.075316

15:53:32.278388 From G: -0.075315

15:53:32.279753 -0.066763

15:53:32.279753 From G: -0.066763

15:53:32.281024 -0.058795

15:53:32.281024 From G: -0.058795

15:53:32.282366 -0.050378

15:53:32.282366 From G: -0.050377

15:53:32.283719 -0.041887

15:53:32.283719 From G: -0.041886

15:53:32.284996 -0.033870

15:53:32.284996 From G: -0.033869

15:53:32.286371 -0.025235

15:53:32.286371 From G: -0.025234

15:53:32.287733 -0.016679

15:53:32.287733 From G: -0.016679

15:53:32.289022 -0.008581

15:53:32.289022 From G: -0.008581

15:53:32.290388 0.000001

15:53:32.290388 From G: 0.000001

15:53:32.291770 0.008684

15:53:32.291770 From G: 0.008684

15:53:32.293021 0.016544

15:53:32.293021 From G: 0.016543

15:53:32.294377 0.025062

15:53:32.294377 From G: 0.025061

15:53:32.295726 0.033534

15:53:32.295726 From G: 0.033534

15:53:32.296998 0.041521

15:53:32.296998 From G: 0.041521

15:53:32.298367 0.050115

15:53:32.298367 From G: 0.050115

15:53:32.299730 0.058668

15:53:32.299730 From G: 0.058667

15:53:32.301022 0.066771

15:53:32.301022 From G: 0.066770

15:53:32.302395 0.075377

15:53:32.302395 From G: 0.075377

15:53:32.303767 0.083973

15:53:32.303767 From G: 0.083972

15:53:32.305022 0.091829

15:53:32.305022 From G: 0.091829

15:53:32.306365 0.100231

15:53:32.306365 From G: 0.100231

15:53:32.307724 0.108727

15:53:32.307724 From G: 0.108726

15:53:32.308997 0.116677

15:53:32.308997 From G: 0.116676

15:53:32.310375 0.125275

15:53:32.310375 From G: 0.125275

15:53:32.311736 0.133759

15:53:32.311736 From G: 0.133759

15:53:32.313024 0.141779

15:53:32.313024 From G: 0.141779

15:53:32.314387 0.150257

15:53:32.314387 From G: 0.150256

15:53:32.315760 0.158785

15:53:32.315760 From G: 0.158785

15:53:32.317022 0.166614

15:53:32.317022 From G: 0.166614

15:53:32.318358 0.174892

15:53:32.318358 From G: 0.174891

15:53:32.319717 0.183299

15:53:32.319717 From G: 0.183299

15:53:32.321041 0.191478

15:53:32.321041 From G: 0.191477

15:53:32.322403 0.199878

15:53:32.322403 From G: 0.199877

15:53:32.323769 0.208288

15:53:32.323769 From G: 0.208288

15:53:32.325065 0.216254

15:53:32.325065 From G: 0.216254

15:53:32.326432 0.224642

15:53:32.326432 From G: 0.224642

15:53:32.327802 0.233033

15:53:32.327802 From G: 0.233032

15:53:32.329080 0.240844

15:53:32.329080 From G: 0.240843

15:53:32.330411 0.248963

15:53:32.330411 From G: 0.248963

15:53:32.331783 0.257316

15:53:32.331783 From G: 0.257316

15:53:32.333087 0.265238

15:53:32.333087 From G: 0.265237

15:53:32.334453 0.273518

15:53:32.334453 From G: 0.273517

15:53:32.335816 0.281760

15:53:32.335816 From G: 0.281760

15:53:32.337117 0.289610

15:53:32.337117 From G: 0.289609

15:53:32.338480 0.297814

15:53:32.338480 From G: 0.297813

15:53:32.339811 0.305805

15:53:32.339811 From G: 0.305804

15:53:32.341099 0.313518

15:53:32.341099 From G: 0.313518

15:53:32.342450 0.321589

15:53:32.342450 From G: 0.321589

15:53:32.343807 0.329674

15:53:32.343807 From G: 0.329674

15:53:32.345105 0.337386

15:53:32.345105 From G: 0.337386

15:53:32.346467 0.345456

15:53:32.346467 From G: 0.345456

15:53:32.347851 0.353633

15:53:32.347851 From G: 0.353632

15:53:32.349147 0.361266

15:53:32.349147 From G: 0.361265

15:53:32.350494 0.369176

15:53:32.350494 From G: 0.369175

15:53:32.351829 0.376991

15:53:32.351829 From G: 0.376991

15:53:32.353135 0.384614

15:53:32.353135 From G: 0.384613

15:53:32.354471 0.392386

15:53:32.354471 From G: 0.392386

15:53:32.355859 0.400435

15:53:32.355859 From G: 0.400435

15:53:32.357153 0.407913

15:53:32.357153 From G: 0.407913

15:53:32.358545 0.415931

15:53:32.358545 From G: 0.415931

15:53:32.359922 0.423834

15:53:32.359922 From G: 0.423834

15:53:32.361241 0.431377

15:53:32.361241 From G: 0.431376

15:53:32.362576 0.438983

15:53:32.362576 From G: 0.438983

15:53:32.363951 0.446790

15:53:32.363951 From G: 0.446789

15:53:32.365295 0.454391

15:53:32.365295 From G: 0.454390

15:53:32.366659 0.462075

15:53:32.366659 From G: 0.462075

15:53:32.368023 0.469730

15:53:32.368023 From G: 0.469730

15:53:32.369403 0.477444

15:53:32.369403 From G: 0.477443

15:53:32.370741 0.484892

15:53:32.370741 From G: 0.484891

15:53:32.372084 0.492337

15:53:32.372084 From G: 0.492337

